#      Qty.                  AE           UC        SBKJC          BFD        TN-DF          STU    ccECP[Ne]    ccECP[He]
IP(I)                   15.7596        15.7829       -0.0172        0.0146       -0.0156       -0.0016       -0.0116        0.0202        0.0376 
IP(II)                  27.6297        27.6005       -0.0369       -0.0386       -0.0510       -0.0567       -0.0071       -0.0126        0.0293 
IP(III)                 40.735        40.6121       -0.0619       -0.1305       -0.1243       -0.1451       -0.0132       -0.0862        0.0031 
IP(IV)                  59.58        59.2804       -0.0835       -0.0581       -0.0243       -0.0929        0.2038        0.0239       -0.0148 
IP(V)                   74.84        74.7437       -0.1178       -0.2015       -0.1742       -0.2220        0.2207       -0.1283       -0.0947 
IP(VI)                  91.290        91.1085       -0.1580       -0.4181       -0.4141       -0.4046        0.2016       -0.3698       -0.2125 
IP(VII)                 124.41       124.3356       -0.3353       -1.3918        0.0652       -0.9451       -0.4787       -0.1401       -0.0419 
IP(VIII)                143.4567       143.4706       -0.5238       -2.0213       -0.0730       -1.3990       -0.9534       -0.5716       -0.0889 
  0.58001061   0.57937852   0.58054714   0.57943732   0.57995181   0.57958431   0.58075294   0.58139238
  1.01429919   1.01294314   1.01288067   1.01242498   1.01221551   1.01403827   1.01383615   1.01537595
  1.49246645   1.49019167   1.48767066   1.48789851   1.48713412   1.49198136   1.48929866   1.49258037
  2.17851350   2.17544493   2.17637836   2.17762049   2.17509949   2.18600301   2.17939181   2.17796961
  2.74677902   2.74244996   2.73937404   2.74037730   2.73862068   2.75488960   2.74206409   2.74329887
  3.34817405   3.34236766   3.33280917   3.33295616   3.33330528   3.35558271   3.33458416   3.34036482
  4.56924688   4.55692484   4.51809920   4.57164294   4.53451511   4.55165499   4.56409830   4.56770708
  5.27244483   5.25319554   5.19816346   5.26976213   5.22103255   5.23740804   5.25143893   5.26917782
